ventas/ventas0.txt:8111	9	39	1255.07397918733	
ventas/ventas13.txt:8111	9	34	1090.00335449819	
ventas/ventas14.txt:8111	9	27	880.849439055123	
ventas/ventas20.txt:8111	9	17	568.035669740306	
ventas/ventas20.txt:8111	9	2	116.126348318591	
ventas/ventas25.txt:8111	9	29	943.39651673259	
ventas/ventas25.txt:8111	9	28	920.415414665088	
ventas/ventas27.txt:8111	9	7	281.826733444737	
ventas/ventas38.txt:8111	9	20	665.228605170375	
ventas/ventas46.txt:8111	9	27	872.66186680303	
ventas/ventas46.txt:8111	9	21	702.614591150831	
ventas/ventas55.txt:8111	9	38	1224.36823067459	
ventas/ventas56.txt:8111	9	36	1158.27802618885	
ventas/ventas57.txt:8111	9	32	1046.65854517681	
ventas/ventas58.txt:8111	9	17	585.154606339128	
ventas/ventas58.txt:8111	9	16	542.933376125495	
ventas/ventas70.txt:8111	9	45	1434.35670148318	
ventas/ventas79.txt:8111	9	37	1185.33017720344	
ventas/ventas7.txt:8111	9	36	1165.06994115425	
ventas/ventas81.txt:8111	9	4	195.589224638226	
ventas/ventas82.txt:8111	9	9	348.084236880804	
ventas/ventas83.txt:8111	9	3	154.577111077764	
ventas/ventas83.txt:8111	9	27	894.917595281693	
ventas/ventas85.txt:8111	9	22	744.128790546269	
ventas/ventas93.txt:8111	9	39	1257.30830418752	
ventas/ventas94.txt:8111	9	12	439.031200911399	
el pepo
